o 112
 114 25
 147 25
 230 25
 239 25
 297 25
 439 25
 539 25
 547 25
 64 43
 330 41
 422 41
 606 41
 89 58
 272 58
 506 58
 47 76
 97 75
 105 108
 397 108
 456 108
 97 125
 122 125
 180 125
 280 125
 305 125
 172 141
 514 141
 89 158
 280 158
 464 158
 72 174
 130 174
 164 174
 247 174
 255 174
 297 208
 39 224
 64 224
 339 224
 422 224
 447 224
 514 224
 80 241
 147 241
 180 241
 322 241
 439 241
 489 241
 47 258
 72 291
 422 291
 522 291
 64 308
 247 308
 531 308
 581 308
 589 308
 205 324
 222 324
 556 324
 47 341
 330 357
 372 357
 389 357
 447 357
 456 357
 606 357
 347 374
 389 374
 472 374
 280 424
 80 457
 105 457
 130 457
 205 457
 364 457
 622 457
 264 474
 339 474
 422 474
 506 474
 539 474
 572 474
 55 490
 64 490
 97 490
 105 490
 247 490
 280 490
 289 490
 364 490
 506 490
 47 507
 214 507
 372 507
 447 507
 456 507
 489 507
 497 507
 572 507
 172 524
 197 524
 439 524
 464 524
 564 524
 55 540
 64 540
 114 540
 180 540
 264 540
 372 540
 414 540
 